{
  "cells": [
    {
      "cell_type": "code",
      "execution_count": 1,
      "metadata": {},
      "outputs": [
        {
          "ename": "ModuleNotFoundError",
          "evalue": "No module named 'torch'",
          "output_type": "error",
          "traceback": [
            "\u001b[1;31m---------------------------------------------------------------------------\u001b[0m",
            "\u001b[1;31mModuleNotFoundError\u001b[0m                       Traceback (most recent call last)",
            "Cell \u001b[1;32mIn[1], line 1\u001b[0m\n\u001b[1;32m----> 1\u001b[0m \u001b[38;5;28;01mimport\u001b[39;00m \u001b[38;5;21;01mtorch\u001b[39;00m\n\u001b[0;32m      2\u001b[0m \u001b[38;5;28;01mfrom\u001b[39;00m \u001b[38;5;21;01mscipy\u001b[39;00m\u001b[38;5;21;01m.\u001b[39;00m\u001b[38;5;21;01mspatial\u001b[39;00m\u001b[38;5;21;01m.\u001b[39;00m\u001b[38;5;21;01mdistance\u001b[39;00m \u001b[38;5;28;01mimport\u001b[39;00m cosine\n\u001b[0;32m      3\u001b[0m \u001b[38;5;28;01mfrom\u001b[39;00m \u001b[38;5;21;01mtransformers\u001b[39;00m \u001b[38;5;28;01mimport\u001b[39;00m AutoModel, AutoTokenizer\n",
            "\u001b[1;31mModuleNotFoundError\u001b[0m: No module named 'torch'"
          ]
        }
      ],
      "source": [
        "import torch\n",
        "from scipy.spatial.distance import cosine\n",
        "from transformers import AutoModel, AutoTokenizer\n",
        "import numpy as np\n",
        "from typing import List\n",
        "\n",
        "np.set_printoptions(suppress=True, formatter={'float_kind':'{:f}'.format})\n",
        "\n",
        "tokenizer = AutoTokenizer.from_pretrained(\"princeton-nlp/sup-simcse-roberta-large\")\n",
        "model = AutoModel.from_pretrained(\"princeton-nlp/sup-simcse-roberta-large\")\n",
        "\n",
        "\n",
        "def prompt_similarity(prompts: List[str]) -> np.array:\n",
        "    # Tokenize input texts\n",
        "\n",
        "    inputs = tokenizer(prompts, padding=True, truncation=True, return_tensors=\"pt\")\n",
        "\n",
        "    # Get the embeddings\n",
        "    with torch.no_grad():\n",
        "        embeddings = model(**inputs, output_hidden_states=True, return_dict=True).pooler_output\n",
        "\n",
        "    cosine_sim = np.zeros([len(embeddings),len(embeddings)])\n",
        "    # Calculate cosine similarities\n",
        "    # Cosine similarities are in [-1, 1]. Higher means more similar\n",
        "    for i in range(len(embeddings)):\n",
        "        for j in range(i, len(embeddings)):\n",
        "            cosine_sim[i][j] = cosine_sim[j][i] = 1 - cosine(embeddings[i], embeddings[j])\n",
        "    return cosine_sim"
      ]
    },
    {
      "cell_type": "code",
      "execution_count": 2,
      "metadata": {},
      "outputs": [
        {
          "data": {
            "text/plain": [
              "array([[1.000000, 0.909519, 0.893049, 0.906792, 0.901928, 0.898932],\n",
              "       [0.909519, 1.000000, 0.914067, 0.947287, 0.973954, 0.944108],\n",
              "       [0.893049, 0.914067, 1.000000, 0.904539, 0.926729, 0.929165],\n",
              "       [0.906792, 0.947287, 0.904539, 1.000000, 0.941445, 0.928774],\n",
              "       [0.901928, 0.973954, 0.926729, 0.941445, 1.000000, 0.963443],\n",
              "       [0.898932, 0.944108, 0.929165, 0.928774, 0.963443, 1.000000]])"
            ]
          },
          "execution_count": 2,
          "metadata": {},
          "output_type": "execute_result"
        }
      ],
      "source": [
        "original_fpb_prompts = [\n",
        "    \"Analyze the sentiment of this statement extracted from a financial news article. Provide your answer as either negative, positive, or neutral.\"\n",
        "]\n",
        "fpb_prompts = [\n",
        "    *original_fpb_prompts,\n",
        "    \"Evaluate the sentiment in this excerpt from a financial news report. Classify the sentiment as positive, negative, or neutral.\",\n",
        "    \"Determine the sentiment of this financial journalism snippet. Categorize the sentiment as neutral, positive, or negative.\",\n",
        "    \"Interpret the sentiment in this extract from a piece of financial news. Label the sentiment as negative, neutral, or positive.\",\n",
        "    \"Assess the sentiment in this financial news excerpt. Judge the sentiment as positive, neutral, or negative.\",\n",
        "    \"Examine the sentiment of this financial news snippet. Analyse the sentiment as neutral, negative, or positive.\",\n",
        "    \"Gauge the sentiment of this financial news excerpt, classifying it as negative, positive, or neutral.\",\n",
        "    \"Categorize the sentiment in this statement from a financial article as negative, positive, or neutral.\",\n",
        "    \"Identify the underlying sentiment in this financial news snippet, labeling it as negative, positive, or neutral.\",\n",
        "    \"Discern the sentiment of this financial news quote, indicating whether it's negative, positive, or neutral.\",\n",
        "    \"Pinpoint the sentiment expressed in this financial article extract, characterizing it as negative, positive, or neutral.\",\n",
        "    \"Gauge the sentiment behind this financial news extract. Respond with a classification of negative, positive, or neutral.\",\n",
        "    \"Review the sentiment of this financial journalism excerpt. Categorize your findings as negative, positive, or neutral.\",\n",
        "    \"Decipher the sentiment in this statement from a finance article. Label it as negative, positive, or neutral.\",\n",
        "    \"Parse the sentiment contained within this financial news passage. Designate it as negative, positive, or neutral.\",\n",
        "    \"Scrutinize the sentiment of this finance-related news extract. Identify it as negative, positive, or neutral.\",\n",
        "    \"Analyze the sentiment in this financial news passage, classifying them as negative, positive, or neutral.\",\n",
        "    \"Unpack the sentiment conveyed by this finance-related news snippet, labeling it negative, positive, or neutral.\",\n",
        "    \"Decode the sentiment of this financial journalism excerpt, categorizing it as negative, positive, or neutral.\",\n",
        "    \"Break down the sentiment expressed in this financial article sample, designating it negative, positive, or neutral.\",\n",
        "    \"Distill the sentiment from this financial news fragment, identifying it as negative, positive, or neutral.\"\n",
        "]\n",
        "\n",
        "fpb_prompts_str = ', '.join([f'\"{prompt}\"' for prompt in fpb_prompts])\n",
        "fpb_prompts_str += ','\n",
        "\n",
        "prompt_similarity(fpb_prompts)"
      ]
    },
    {
      "cell_type": "code",
      "execution_count": 4,
      "metadata": {},
      "outputs": [
        {
          "data": {
            "text/plain": [
              "array([[1.000000, 0.843331, 0.867225, 0.874794, 0.861184, 0.888743],\n",
              "       [0.843331, 1.000000, 0.947031, 0.917127, 0.901704, 0.937951],\n",
              "       [0.867225, 0.947031, 1.000000, 0.956369, 0.942756, 0.962282],\n",
              "       [0.874794, 0.917127, 0.956369, 1.000000, 0.937610, 0.939479],\n",
              "       [0.861184, 0.901704, 0.942756, 0.937610, 1.000000, 0.935899],\n",
              "       [0.888743, 0.937951, 0.962282, 0.939479, 0.935899, 1.000000]])"
            ]
          },
          "execution_count": 4,
          "metadata": {},
          "output_type": "execute_result"
        }
      ],
      "source": [
        "original_fiqasa_prompts = [\n",
        "    \"What is the sentiment of the following financial {category_0}: Positive, Negative, or Neutral?\",\n",
        "]\n",
        "fiqasa_prompts = [\n",
        "    *original_fiqasa_prompts,\n",
        "    \"Analyze the sentiment of this financial {category_0}. Classify the sentiment as Positive, Negative, or Neutral.\",\n",
        "    \"Evaluate the sentiment in the given financial {category_0}. Categorize the sentiment as Positive, Negative, or Neutral.\",\n",
        "    \"Determine the sentiment in this financial {category_0}. Label the sentiment as Positive, Negative, or Neutral.\",\n",
        "    \"Assess the sentiment of the presented financial {category_0}. Judge the sentiment as Positive, Negative, or Neutral.\",\n",
        "    \"Interpret the sentiment of the following financial {category_0}. Analyse the sentiment as Positive, Negative, or Neutral.\"\n",
        "    \"Classify the sentiment of the following financial {category_0} as either Positive, Negative, or Neutral.\",\n",
        "    \"Identify the sentiment in this financial {category_0}: Is it Positive, Negative, or Neutral?\",\n",
        "    \"Gauge the sentiment of the provided financial {category_0}: Positive, Negative, or Neutral?\",\n",
        "    \"Categorize the sentiment of this financial {category_0} as Positive, Negative, or Neutral.\",\n",
        "    \"Discern the sentiment within the following financial {category_0}: Positive, Negative, or Neutral?\",\n",
        "    \"Label the sentiment of the given financial {category_0} as Positive, Negative, or Neutral.\",\n",
        "    \"Characterize the sentiment expressed in this financial {category_0}: Positive, Negative, or Neutral?\",\n",
        "    \"Examine the sentiment of the following financial {category_0} and indicate if it's Positive, Negative, or Neutral.\",\n",
        "    \"Rate the sentiment of this financial {category_0}: Does it fall under Positive, Negative, or Neutral?\",\n",
        "    \"Deduce the sentiment from the provided financial {category_0}: Positive, Negative, or Neutral?\",\n",
        "    \"Decode the emotional tone of this financial {category_0}: Is it Positive, Negative, or Neutral?\",\n",
        "    \"Pinpoint the sentiment conveyed in the given financial {category_0}: Positive, Negative, or Neutral?\",\n",
        "    \"Unpack the sentiment behind this financial {category_0}, classifying it as Positive, Negative, or Neutral.\",\n",
        "    \"Distill the sentiment from the presented financial {category_0} into Positive, Negative, or Neutral.\",\n",
        "    \"Extract the underlying sentiment of this financial {category_0}, tagging it as Positive, Negative, or Neutral.\"\n",
        "]\n",
        "\n",
        "prompt_similarity(fiqasa_prompts)"
      ]
    },
    {
      "cell_type": "code",
      "execution_count": 8,
      "metadata": {},
      "outputs": [
        {
          "name": "stdout",
          "output_type": "stream",
          "text": [
            "['In the news headline, can you identify a {category_0} pertaining to gold? Your response should be Yes or No.', 'Is the news headline discussing a {category_0} related to gold? Please respond with Yes or No.', 'Does the news headline suggest a {category_0} for gold? Your response should be Yes or No.', 'In the context of gold, is there a {category_0} implied in the news headline? Respond with Yes or No.', 'Does the news headline mention anything about a {category_0} in gold commodities? Please answer Yes or No.']\n"
          ]
        },
        {
          "ename": "NameError",
          "evalue": "name 'prompt_similarity' is not defined",
          "output_type": "error",
          "traceback": [
            "\u001b[1;31m---------------------------------------------------------------------------\u001b[0m",
            "\u001b[1;31mNameError\u001b[0m                                 Traceback (most recent call last)",
            "Cell \u001b[1;32mIn[8], line 33\u001b[0m\n\u001b[0;32m     15\u001b[0m headline_prompts_uncleaned \u001b[38;5;241m=\u001b[39m [\n\u001b[0;32m     16\u001b[0m     \u001b[38;5;241m*\u001b[39moriginal_headline_prompts_uncleaned,\n\u001b[0;32m     17\u001b[0m     \u001b[38;5;124m\"\u001b[39m\u001b[38;5;124mIs \u001b[39m\u001b[38;5;132;01m{category_0}\u001b[39;00m\u001b[38;5;124m a topic covered in the news headline? Respond with either Yes or No.\u001b[39m\u001b[38;5;124m\"\u001b[39m,\n\u001b[1;32m   (...)\u001b[0m\n\u001b[0;32m     21\u001b[0m     \u001b[38;5;124m\"\u001b[39m\u001b[38;5;124mDetermine whether \u001b[39m\u001b[38;5;132;01m{category_0}\u001b[39;00m\u001b[38;5;124m is referenced in the news headline. Answer exclusively with Yes or No.\u001b[39m\u001b[38;5;124m\"\u001b[39m\n\u001b[0;32m     22\u001b[0m ]\n\u001b[0;32m     24\u001b[0m headline_prompts_cleaned \u001b[38;5;241m=\u001b[39m [\n\u001b[0;32m     25\u001b[0m     \u001b[38;5;241m*\u001b[39moriginal_headline_prompts_cleaned,\n\u001b[0;32m     26\u001b[0m     \u001b[38;5;124m\"\u001b[39m\u001b[38;5;124mIs \u001b[39m\u001b[38;5;132;01m{category_0}\u001b[39;00m\u001b[38;5;124m a topic covered in the news headline? Respond with either Yes or No.\u001b[39m\u001b[38;5;124m\"\u001b[39m,\n\u001b[1;32m   (...)\u001b[0m\n\u001b[0;32m     30\u001b[0m     \u001b[38;5;124m\"\u001b[39m\u001b[38;5;124mDetermine whether \u001b[39m\u001b[38;5;132;01m{category_0}\u001b[39;00m\u001b[38;5;124m is referenced in the news headline. Answer exclusively with Yes or No.\u001b[39m\u001b[38;5;124m\"\u001b[39m\n\u001b[0;32m     31\u001b[0m ]\n\u001b[1;32m---> 33\u001b[0m \u001b[38;5;28mprint\u001b[39m(\u001b[43mprompt_similarity\u001b[49m(headline_prompts_cleaned))\n",
            "\u001b[1;31mNameError\u001b[0m: name 'prompt_similarity' is not defined"
          ]
        }
      ],
      "source": [
        "original_headline_prompts_uncleaned = [\n",
        "    \"Look for indications that the price of gold is increasing. In the news headline, can you identify a {category_0} pertaining to gold? Your response should be Yes or No.\",\n",
        "    \"Consider whether the headline mentions the price of gold. Is the news headline discussing a {category_0} related to gold? Please respond with Yes or No.\",\n",
        "    \"Look for any mention of future gold prices. Does the news headline suggest a {category_0} for gold? Your response should be Yes or No.\",\n",
        "    \"Look for any references to future events concerning gold. In the context of gold, is there a {category_0} implied in the news headline? Respond with Yes or No.\",\n",
        "    \"Consider if the headline compares gold with other assets. Does the news headline mention anything about a {category_0} in gold commodities? Please answer Yes or No.\"\n",
        "]\n",
        "\n",
        "original_headline_prompts_cleaned = [\n",
        "    prompt.split('. ', 1)[1] for prompt in original_headline_prompts_uncleaned\n",
        "]\n",
        "\n",
        "print(original_headline_prompts_cleaned)\n",
        "\n",
        "headline_prompts_uncleaned = [\n",
        "    *original_headline_prompts_uncleaned,\n",
        "    \"Is {category_0} a topic covered in the news headline? Respond with either Yes or No.\",\n",
        "    \"Does the news title address {category_0}? Your answer should be limited to Yes or No.\",\n",
        "    \"Can information about {category_0} be found in the news headline? Reply with Yes or No only.\",\n",
        "    \"Evaluate if the news headline contains information about {category_0}. Provide a Yes or No response.\",\n",
        "    \"Determine whether {category_0} is referenced in the news headline. Answer exclusively with Yes or No.\"\n",
        "]\n",
        "\n",
        "headline_prompts_cleaned = [\n",
        "    *original_headline_prompts_cleaned,\n",
        "    \"Is {category_0} a topic covered in the news headline? Respond with either Yes or No.\",\n",
        "    \"Does the news headline address {category_0}? Your answer should be only Yes or No.\",\n",
        "    \"Can information about {category_0} be found in the news headline? Reply with Yes or No only.\",\n",
        "    \"Evaluate if the news headline contains information about {category_0}. Provide a Yes or No response.\",\n",
        "    \"Determine whether {category_0} is referenced in the news headline. Answer exclusively with Yes or No.\",\n",
        "    \"Is a gold-related {category_0} evident in the news headline? Answer with Yes or No.\",\n",
        "    \"Can you spot a {category_0} concerning gold within the news headline? Respond Yes or No.\",\n",
        "    \"Does the headline indicate a {category_0} involving gold? Reply with Yes or No.\",\n",
        "    \"Is there any hint of a gold {category_0} in the news headline? Answer Yes or No.\",\n",
        "    \"Are there signs of a {category_0} linked to gold in the headline? Respond Yes or No.\",\n",
        "    \"Can a gold-associated {category_0} be detected in the news headline? Say Yes or No.\",\n",
        "    \"Does the headline allude to a {category_0} in the gold market? Answer Yes or No.\",\n",
        "    \"Is a {category_0} pertaining to gold present in the news headline? Respond with Yes or No.\",\n",
        "    \"Can you find any mention of a gold-related {category_0} in the headline? Reply Yes or No.\",\n",
        "    \"Does the news headline point to a {category_0} in gold? Answer Yes or No.\",\n",
        "    \"Is there evidence of a gold {category_0} within the headline? Respond Yes or No.\",\n",
        "    \"Can you identify a {category_0} connected to gold in the news headline? Say Yes or No.\",\n",
        "    \"Does the headline suggest any {category_0} activity in gold? Answer with Yes or No.\",\n",
        "    \"Is a {category_0} regarding gold noticeable in the news headline? Reply Yes or No.\",\n",
        "    \"Can you discern a gold-specific {category_0} from the headline? Respond Yes or No.\",\n",
        "]\n",
        "\n",
        "print(prompt_similarity(headline_prompts_cleaned))"
      ]
    },
    {
      "cell_type": "code",
      "execution_count": 6,
      "metadata": {},
      "outputs": [
        {
          "data": {
            "text/plain": [
              "array([[1.000000, 0.899550, 0.937493, 0.928961, 0.901106, 0.887300],\n",
              "       [0.899550, 1.000000, 0.930142, 0.939982, 0.866632, 0.952860],\n",
              "       [0.937493, 0.930142, 1.000000, 0.925721, 0.937809, 0.914615],\n",
              "       [0.928961, 0.939982, 0.925721, 1.000000, 0.861223, 0.917173],\n",
              "       [0.901106, 0.866632, 0.937809, 0.861223, 1.000000, 0.855960],\n",
              "       [0.887300, 0.952860, 0.914615, 0.917173, 0.855960, 1.000000]])"
            ]
          },
          "execution_count": 6,
          "metadata": {},
          "output_type": "execute_result"
        }
      ],
      "source": [
        "original_finqa_prompts = [\n",
        "    \"Please answer the given financial question based on the context.\",\n",
        "]\n",
        "finqa_prompts = [\n",
        "    *original_finqa_prompts,\n",
        "    \"Using the provided context, respond to the presented financial inquiry.\",\n",
        "    \"Address the given financial question using the provided context.\",\n",
        "    \"Based on the supplied context, offer an answer to the specified financial query.\",\n",
        "    \"Referring to the contextual details, tackle the stated financial question.\",\n",
        "    \"Utilize the given context to formulate a response to the posed financial inquiry.\",\n",
        "    \"Drawing from the context provided, resolve the financial question at hand.\",\n",
        "    \"Analyze the given context to answer the financial question presented.\",\n",
        "    \"Use the contextual information to craft a response to the financial query.\",\n",
        "    \"Considering the provided context, address the financial question posed.\",\n",
        "    \"Examine the context and respond to the financial question accordingly.\",\n",
        "    \"With the given context as a guide, answer the financial question presented.\",\n",
        "    \"Leverage the provided context to tackle the financial inquiry at hand.\",\n",
        "    \"Apply the contextual information to respond to the given financial question.\",\n",
        "    \"In light of the supplied context, address the financial query presented.\",\n",
        "    \"Process the given context to formulate an answer to the financial question.\",\n",
        "    \"Interpret the provided context to respond to the financial inquiry posed.\",\n",
        "    \"Using the contextual details given, offer insight into the financial question.\",\n",
        "    \"Extract relevant information from the context to answer the financial query.\",\n",
        "    \"Synthesize the provided context to address the financial question at hand.\",\n",
        "    \"Derive an answer to the financial question based on the given contextual information.\"\n",
        "]\n",
        "\n",
        "prompt_similarity(finqa_prompts)"
      ]
    },
    {
      "cell_type": "code",
      "execution_count": 6,
      "metadata": {},
      "outputs": [
        {
          "data": {
            "text/plain": [
              "array([[1.000000, 0.927973, 0.927861, 0.923399, 0.941312, 0.908030],\n",
              "       [0.927973, 1.000000, 0.938559, 0.934513, 0.944100, 0.947454],\n",
              "       [0.927861, 0.938559, 1.000000, 0.922127, 0.926963, 0.933825],\n",
              "       [0.923399, 0.934513, 0.922127, 1.000000, 0.918454, 0.925733],\n",
              "       [0.941312, 0.944100, 0.926963, 0.918454, 1.000000, 0.912816],\n",
              "       [0.908030, 0.947454, 0.933825, 0.925733, 0.912816, 1.000000]])"
            ]
          },
          "execution_count": 6,
          "metadata": {},
          "output_type": "execute_result"
        }
      ],
      "source": [
        "original_convfinqa_prompts = [\n",
        "    \"In the context of this series of interconnected finance-related queries and the additional information provided by the pretext, table data, and posttext from a company's financial filings, please provide a response to the final question. This may require extracting information from the context and performing mathematical calculations. Please take into account the information provided in the preceding questions and their answers when formulating your response:\"\n",
        "]\n",
        "convfinqa_prompts = [\n",
        "    *original_convfinqa_prompts,\n",
        "    \"Based on the sequence of linked financial inquiries and the supplementary details given in the pretext, tables, and posttext from corporate fiscal reports, answer the concluding question. This may involve data extraction and numerical computations. Consider all prior questions and their responses when crafting your answer.\",\n",
        "    \"Utilizing the chain of related financial questions and the contextual data from company monetary documents (including pretext, tables, and posttext), respond to the final inquiry. Information synthesis and mathematical analysis may be necessary. Incorporate insights from previous questions and answers in your response.\",\n",
        "    \"Drawing upon the series of interconnected fiscal queries and the accompanying context from business financial statements (pretext, tables, and posttext), address the last question. This might require extracting relevant details and performing calculations. Integrate knowledge from preceding questions and their solutions in your reply.\",\n",
        "    \"With reference to the linked set of finance-related questions and the supporting information from corporate economic filings (pretext, tables, and posttext), provide an answer to the ultimate query. Data extraction and arithmetic operations may be needed. Factor in the content of earlier questions and their answers when formulating your response.\",\n",
        "    \"Considering the progression of interrelated financial inquiries and the background provided by company fiscal reports (including pretext, tables, and posttext), tackle the final question. This may involve information extraction and mathematical processing. Leverage insights from previous questions and their responses in crafting your answer.\",\n",
        "    \"Analyze the chain of finance-related queries, along with the pretext, tables, and posttext from corporate fiscal data, to answer the concluding question. Extract relevant information, perform calculations as needed, and consider prior questions and answers in your response.\",\n",
        "    \"Synthesize the sequence of financial inquiries and the provided company monetary context (including pretext, tables, and posttext) to address the final query. This may involve data interpretation and numerical analysis. Incorporate insights from previous questions in your answer.\",\n",
        "    \"Evaluate the series of linked fiscal questions alongside the given corporate financial details (pretext, tables, and posttext) to respond to the ultimate inquiry. Extract pertinent information, calculate if necessary, and integrate knowledge from preceding questions.\",\n",
        "    \"Interpret the progression of interrelated financial queries and the accompanying business economic data (pretext, tables, and posttext) to tackle the last question. This might require information extraction and mathematical operations. Build upon earlier questions and answers in your response.\",\n",
        "    \"Assess the connected set of finance-related questions and the supporting corporate monetary context (pretext, tables, and posttext) to formulate an answer to the final inquiry. Extract relevant data, perform calculations where needed, and consider prior questions in your reply.\",\n",
        "    \"Examine the sequence of fiscal inquiries and the provided company financial information (including pretext, tables, and posttext) to address the concluding question. This may involve data analysis and arithmetic operations. Incorporate insights from previous questions and answers.\",\n",
        "    \"Process the chain of interconnected financial queries and the supplementary corporate economic details (pretext, tables, and posttext) to respond to the ultimate question. Extract relevant information, calculate as necessary, and build upon prior inquiries in your answer.\",\n",
        "    \"Dissect the series of linked finance-related questions and the given business fiscal context (pretext, tables, and posttext) to tackle the final inquiry. This might require data extraction and mathematical analysis. Consider preceding questions and their responses in your reply.\",\n",
        "    \"Scrutinize the progression of interrelated monetary queries and the provided company financial data (pretext, tables, and posttext) to address the concluding question. Extract pertinent information, perform calculations if needed, and integrate insights from earlier questions.\",\n",
        "    \"Analyze the sequence of connected fiscal inquiries and the accompanying corporate economic context (pretext, tables, and posttext) to formulate a response to the last question. This may involve information synthesis and numerical computations. Build upon previous questions and answers.\",\n",
        "    \"Evaluate the chain of linked financial questions and the given business monetary details (including pretext, tables, and posttext) to answer the ultimate query. Extract relevant data, calculate where necessary, and consider prior inquiries in your response.\",\n",
        "    \"Interpret the series of interrelated finance-related questions and the provided company fiscal information (pretext, tables, and posttext) to address the final inquiry. This might require data analysis and arithmetic operations. Incorporate insights from preceding questions.\",\n",
        "    \"Assess the progression of connected economic queries and the supplementary corporate financial context (pretext, tables, and posttext) to tackle the concluding question. Extract pertinent information, perform calculations as needed, and build upon earlier questions and answers.\",\n",
        "    \"Examine the sequence of linked monetary inquiries and the given business fiscal details (pretext, tables, and posttext) to respond to the ultimate question. This may involve information extraction and mathematical analysis. Consider prior questions in your reply.\",\n",
        "    \"Dissect the chain of interconnected financial queries and the provided company economic data (including pretext, tables, and posttext) to formulate an answer to the last inquiry. Extract relevant information, calculate if necessary, and integrate insights from preceding questions and their responses.\"\n",
        "]\n",
        "\n",
        "prompt_similarity(convfinqa_prompts)"
      ]
    },
    {
      "cell_type": "code",
      "execution_count": 7,
      "metadata": {},
      "outputs": [
        {
          "data": {
            "text/plain": [
              "array([[1.000000, 0.955850, 0.944874, 0.919834, 0.905714, 0.905646,\n",
              "        0.954724, 0.924876, 0.957627, 0.972608, 0.896925, 0.892579,\n",
              "        0.969424, 0.881446, 0.946869],\n",
              "       [0.955850, 1.000000, 0.946848, 0.897201, 0.912896, 0.897128,\n",
              "        0.944752, 0.939417, 0.963707, 0.953221, 0.896777, 0.906355,\n",
              "        0.967034, 0.863856, 0.963446],\n",
              "       [0.944874, 0.946848, 1.000000, 0.946291, 0.955771, 0.881044,\n",
              "        0.948732, 0.909002, 0.937470, 0.945784, 0.910760, 0.878400,\n",
              "        0.953557, 0.876254, 0.929391],\n",
              "       [0.919834, 0.897201, 0.946291, 1.000000, 0.969172, 0.848415,\n",
              "        0.916497, 0.858914, 0.904049, 0.897525, 0.884658, 0.843236,\n",
              "        0.909806, 0.888212, 0.897797],\n",
              "       [0.905714, 0.912896, 0.955771, 0.969172, 1.000000, 0.867082,\n",
              "        0.916962, 0.871228, 0.907488, 0.909863, 0.906701, 0.867612,\n",
              "        0.918000, 0.867380, 0.923053],\n",
              "       [0.905646, 0.897128, 0.881044, 0.848415, 0.867082, 1.000000,\n",
              "        0.885246, 0.867205, 0.905303, 0.914329, 0.955049, 0.915116,\n",
              "        0.902095, 0.909718, 0.916628],\n",
              "       [0.954724, 0.944752, 0.948732, 0.916497, 0.916962, 0.885246,\n",
              "        1.000000, 0.913994, 0.957530, 0.946216, 0.915157, 0.896156,\n",
              "        0.940587, 0.889052, 0.940992],\n",
              "       [0.924876, 0.939417, 0.909002, 0.858914, 0.871228, 0.867205,\n",
              "        0.913994, 1.000000, 0.926984, 0.923267, 0.856844, 0.916028,\n",
              "        0.932712, 0.818368, 0.918011],\n",
              "       [0.957627, 0.963707, 0.937470, 0.904049, 0.907488, 0.905303,\n",
              "        0.957530, 0.926984, 1.000000, 0.947969, 0.914156, 0.929160,\n",
              "        0.947588, 0.885568, 0.973305],\n",
              "       [0.972608, 0.953221, 0.945784, 0.897525, 0.909863, 0.914329,\n",
              "        0.946216, 0.923267, 0.947969, 1.000000, 0.908855, 0.898020,\n",
              "        0.968172, 0.876229, 0.937970],\n",
              "       [0.896925, 0.896777, 0.910760, 0.884658, 0.906701, 0.955049,\n",
              "        0.915157, 0.856844, 0.914156, 0.908855, 1.000000, 0.926265,\n",
              "        0.902238, 0.949501, 0.913932],\n",
              "       [0.892579, 0.906355, 0.878400, 0.843236, 0.867612, 0.915116,\n",
              "        0.896156, 0.916028, 0.929160, 0.898020, 0.926265, 1.000000,\n",
              "        0.890937, 0.896274, 0.922842],\n",
              "       [0.969424, 0.967034, 0.953557, 0.909806, 0.918000, 0.902095,\n",
              "        0.940587, 0.932712, 0.947588, 0.968172, 0.902238, 0.890937,\n",
              "        1.000000, 0.881468, 0.942309],\n",
              "       [0.881446, 0.863856, 0.876254, 0.888212, 0.867380, 0.909718,\n",
              "        0.889052, 0.818368, 0.885568, 0.876229, 0.949501, 0.896274,\n",
              "        0.881468, 1.000000, 0.877693],\n",
              "       [0.946869, 0.963446, 0.929391, 0.897797, 0.923053, 0.916628,\n",
              "        0.940992, 0.918011, 0.973305, 0.937970, 0.913932, 0.922842,\n",
              "        0.942309, 0.877693, 1.000000]])"
            ]
          },
          "execution_count": 7,
          "metadata": {},
          "output_type": "execute_result"
        }
      ],
      "source": [
        "original_sm_prompts = [\n",
        "    \"Scrutinize the data and tweets to envisage if the closing price of {stock} will swell or contract at {date}. Please affirm either Rise or Fall.\",\n",
        "    \"Reflect on the provided data and tweets to anticipate if the closing price of {stock} is going to increase or decrease at {date}. Kindly respond with either Rise or Fall.\",\n",
        "    \"By reviewing the data and tweets, can we predict if the closing price of {stock} will go upwards or downwards at {date}? Please indicate either Rise or Fall.\",\n",
        "    \"Given the data and tweets, could you project whether the closing price of {stock} will grow or shrink at {date}? Please specify either Rise or Fall.\",\n",
        "    \"With the help of the data and tweets given, can you forecast whether the closing price of {stock} will climb or drop at {date}? Please state either Rise or Fall.\",\n",
        "    \"Utilize the data and tweets at hand to foresee if the closing price of {stock} will elevate or diminish at {date}. Only answer with Rise or Fall.\",\n",
        "    \"Contemplate the data and tweets to guess whether the closing price of {stock} will surge or decline at {date}. Please declare either Rise or Fall.\",\n",
        "    \"Analyze the information and social media posts to determine if the closing price of {stock} will ascend or descend at {date}. Please respond with either Rise or Fall.\",\n",
        "    \"Assess the data and tweets to estimate whether the closing price of {stock} will escalate or deflate at {date}. Respond with either Rise or Fall.\",\n",
        "    \"Examine the data and tweets to deduce if the closing price of {stock} will boost or lower at {date}. Kindly confirm either Rise or Fall.\"\n",
        "]\n",
        "sm_prompts = [\n",
        "    *original_sm_prompts,\n",
        "    \"Based on the provided data and tweets, predict whether the closing price of {stock} will increase or decrease at {date}. Answer only with Rise or Fall.\",\n",
        "    \"Using the given information and social media posts, forecast if the closing price of {stock} will go up or down at {date}. Respond strictly with Rise or Fall.\",\n",
        "    \"Analyze the supplied data and tweets to determine if the closing price of {stock} will go up or down at {date}. Please indicate either Rise or Fall.\",\n",
        "    \"Considering the presented data and tweets, project whether the closing price of {stock} will increase or decrease at {date}. Specify only Rise or Fall.\",\n",
        "    \"Evaluate the given data and tweets to anticipate if the closing price of {stock} will rise or fall at {date}. Your response should be either Rise or Fall.\",\n",
        "\n",
        "    \"Based on the data and tweets, predict if the closing price of {stock} will increase or decrease at {date}. Answer with Rise or Fall.\",\n",
        "    \"Using the provided data and tweets, forecast whether {stock}'s closing price will go up or down at {date}. Respond with Rise or Fall.\",\n",
        "    \"Analyze the given data and tweets to determine if the closing price of {stock} will rise or fall at {date}. Please answer Rise or Fall.\",\n",
        "    \"Considering the data and tweets, project if the closing price of {stock} will increase or decrease at {date}. Indicate either Rise or Fall.\",\n",
        "    \"Evaluate the data and tweets to anticipate whether the closing price of {stock} will go up or down at {date}. Reply with Rise or Fall.\",\n",
        "    \"From the available data and tweets, predict if {stock}'s closing price will rise or fall at {date}. Respond only with Rise or Fall.\",\n",
        "    \"Examine the data and tweets to forecast whether {stock}'s closing price will increase or decrease at {date}. Answer Rise or Fall.\",\n",
        "    \"Review the provided data and tweets to determine if {stock}'s closing price will go up or down at {date}. Please state Rise or Fall.\",\n",
        "    \"Assess the data and tweets to predict whether {stock}'s closing price will rise or fall at {date}. Respond with Rise or Fall.\",\n",
        "    \"Based on the given data and tweets, anticipate if the closing price of {stock} will increase or decrease at {date}. Answer only Rise or Fall.\",\n",
        "    \"Analyze the data and tweets to project whether {stock}'s closing price will go up or down at {date}. Please respond with Rise or Fall.\",\n",
        "    \"Using the data and tweets provided, forecast if the closing price of {stock} will rise or fall at {date}. Indicate either Rise or Fall.\",\n",
        "    \"Consider the data and tweets to predict whether {stock}'s closing price will increase or decrease at {date}. Reply with Rise or Fall.\",\n",
        "    \"Evaluate the given data and tweets to determine if the closing price of {stock} will go up or down at {date}. Answer only Rise or Fall.\",\n",
        "    \"From the data and tweets, anticipate whether {stock}'s closing price will rise or fall at {date}. Respond with Rise or Fall.\"\n",
        "]\n",
        "\n",
        "prompt_similarity(sm_prompts)"
      ]
    },
    {
      "cell_type": "code",
      "execution_count": 7,
      "metadata": {},
      "outputs": [
        {
          "data": {
            "text/plain": [
              "array([[1.000000, 0.850413, 0.937246, 0.846564, 0.831735, 0.861964],\n",
              "       [0.850413, 1.000000, 0.876471, 0.887140, 0.848095, 0.884218],\n",
              "       [0.937246, 0.876471, 1.000000, 0.886993, 0.864024, 0.857527],\n",
              "       [0.846564, 0.887140, 0.886993, 1.000000, 0.841287, 0.827772],\n",
              "       [0.831735, 0.848095, 0.864024, 0.841287, 1.000000, 0.779139],\n",
              "       [0.861964, 0.884218, 0.857527, 0.827772, 0.779139, 1.000000]])"
            ]
          },
          "execution_count": 7,
          "metadata": {},
          "output_type": "execute_result"
        }
      ],
      "source": [
        "original_ner_prompts = [\n",
        "    \"In the sentences extracted from financial agreements in U.S. SEC filings, identify the named entities that represent a person ('PER'), an organization ('ORG'), or a location ('LOC'). The required answer format is: 'entity name, entity type'.\",\n",
        "]\n",
        "ner_prompts = [\n",
        "    *original_ner_prompts,\n",
        "    \"In the text snippets taken from financial agreements in United States Securities and Exchange Commission documents, detect entities categorized as person ('PER'), organizations ('ORG'), or locations ('LOC'). Present results as: 'entity name, entity type'.\",\n",
        "    \"Locate and classify named entities within excerpts from financial agreements found in SEC filings. Identify persons ('PER'), organizations ('ORG'), and locations ('LOC'). Format your response as: 'entity name, entity type'.\",\n",
        "    \"Analyze passages from financial contracts submitted to the U.S. SEC. Pinpoint entities that are persons ('PER'), organizations ('ORG'), or locations ('LOC'). List findings as: 'entity name, entity type'.\",\n",
        "    \"Extract and categorize named entities from financial agreement segments in Securities and Exchange Commission reports. Tag persons ('PER'), organizations ('ORG'), and locations ('LOC'). Output should be: 'entity name, entity type'.\",\n",
